666917373
57893141
252803421
770520640
79851355
79851355
66028287
578024071
305292456
874885382
544103671
859741243
859741243
832113573
326514171
63368173
367398802
391816563
739535114
316794408
439466196
710821149
854613808
815261695
841223532
239488549
280115580
148193352
2893963
65170833
529769030
656389031
431078292
989481330
989481330
10782213
375651146
351850210
309887169
788272651
74925823
166691611
995556644
115829046
953138360
614772536
414140090
414140090
414140090
414140090
414140090
414140090
414140090
414140090
414140090
414140090
414140090
414140090
414140090
414140090
414140090
414140090
414140090
414140090
414140090
414140090
414140090
414140090
414140090
414140090
414140090
414140090
414140090
414140090
414140090
414140090
414140090
414140090
414140090
414140090
414140090
414140090
414140090
414140090
414140090
414140090
414140090
414140090
414140090
414140090
414140090
414140090
414140090
414140090
414140090
414140090
414140090
414140090
414140090
414140090
414140090
414140090
414140090
414140090
414140090
414140090
414140090
414140090
414140090
414140090
414140090
414140090
414140090
414140090
414140090
414140090
414140090
414140090
414140090
414140090
414140090
414140090
414140090
414140090
414140090
414140090
414140090
414140090
414140090
414140090
414140090
414140090
414140090
414140090
414140090
414140090
414140090
414140090
414140090
414140090
414140090
414140090
414140090
414140090
414140090
414140090
55475894
55475894
55475894
55475894
55475894
55475894
55475894
55475894
55475894
55475894
55475894
55475894
55475894
55475894
55475894
55475894
55475894
55475894
55475894
55475894
55475894
55475894
55475894
55475894
55475894
55475894
55475894
55475894
55475894
55475894
55475894
55475894
55475894
55475894
55475894
55475894
55475894
55475894
55475894
55475894
278766952
278766952
278766952
278766952
278766952
278766952
278766952
278766952
278766952
278766952
278766952
278766952
278766952
278766952
278766952
278766952
278766952
278766952
278766952
278766952
278766952
278766952
278766952
278766952
278766952
278766952
278766952
278766952
278766952
278766952
278766952
278766952
278766952
278766952
278766952
278766952
278766952
278766952
278766952
278766952
278766952
278766952
278766952
278766952
278766952
278766952
278766952
278766952
278766952
278766952
278766952
278766952
278766952
278766952
278766952
278766952
278766952
278766952
278766952
278766952
641166452
641166452
641166452
641166452
641166452
641166452
641166452
641166452
641166452
641166452
641166452
641166452
641166452
641166452
641166452
641166452
641166452
641166452
641166452
641166452
641166452
641166452
641166452
641166452
641166452
641166452
641166452
641166452
641166452
641166452
641166452
641166452
641166452
641166452
641166452
641166452
641166452
641166452
641166452
641166452
641166452
641166452
641166452
641166452
641166452
641166452
641166452
641166452
641166452
641166452
641166452
641166452
641166452
641166452
641166452
641166452
641166452
641166452
641166452
641166452
641166452
641166452
641166452
641166452
641166452
641166452
641166452
641166452
641166452
641166452
641166452
641166452
641166452
641166452
641166452
641166452
641166452
641166452
641166452
641166452
641166452
641166452
641166452
641166452
641166452
641166452
641166452
641166452
641166452
641166452
641166452
641166452
641166452
641166452
641166452
641166452
641166452
641166452
641166452
641166452
799754245
799754245
799754245
799754245
799754245
799754245
799754245
799754245
799754245
799754245
799754245
799754245
799754245
799754245
799754245
799754245
799754245
799754245
799754245
799754245
799754245
799754245
799754245
799754245
799754245
799754245
799754245
799754245
799754245
799754245
799754245
799754245
799754245
799754245
799754245
799754245
799754245
799754245
799754245
799754245
799754245
799754245
799754245
355111011
355111011
355111011
355111011
355111011
355111011
355111011
355111011
355111011
355111011
355111011
355111011
355111011
355111011
355111011
355111011
355111011
355111011
355111011
355111011
355111011
355111011
355111011
355111011
355111011
355111011
355111011
355111011
355111011
355111011
355111011
355111011
355111011
355111011
355111011
355111011
355111011
355111011
355111011
355111011
355111011
355111011
355111011
355111011
355111011
355111011
355111011
355111011
355111011
355111011
355111011
355111011
355111011
355111011
355111011
355111011
355111011
